[11:25:45.001] 0.00,-0.09,1.04,-0.70,-1.40,0.77
[11:25:45.151] 0.01,-0.09,1.04,-0.42,-1.68,0.21
[11:25:45.251] 0.01,-0.10,1.04,-0.77,-1.61,0.77
[11:25:45.301] 0.00,-0.09,1.04,-0.77,-1.33,0.35
[11:25:45.401] 0.00,-0.09,1.04,-0.77,-1.54,0.28
[11:25:45.501] 0.01,-0.09,1.04,-0.63,-1.19,-0.07
[11:25:45.601] 0.00,-0.09,1.04,-0.77,-1.26,0.91
[11:25:45.701] 0.01,-0.10,1.04,-0.56,-1.54,0.28
[11:25:45.802] 0.01,-0.09,1.04,-0.77,-1.47,0.28
[11:25:45.901] 0.01,-0.10,1.04,-0.70,-1.61,0.07
[11:25:46.001] 0.01,-0.09,1.04,-0.84,-1.33,0.70
[11:25:46.101] 0.01,-0.09,1.04,-0.63,-1.47,0.63
[11:25:46.201] 0.00,-0.09,1.04,-0.56,-1.12,0.14
[11:25:46.301] 0.01,-0.09,1.04,-0.56,-1.54,0.28
[11:25:46.451] 0.01,-0.09,1.04,-0.56,-1.33,0.63
[11:25:46.501] 0.01,-0.09,1.04,-0.77,-1.40,0.70
[11:25:46.601] 0.01,-0.10,1.04,-0.77,-1.61,0.14
[11:25:46.704] 0.00,-0.09,1.04,-0.56,-1.33,0.35
[11:25:46.802] 0.01,-0.09,1.04,-0.70,-1.40,0.35
[11:25:46.903] 0.01,-0.09,1.04,-0.77,-1.33,0.28
[11:25:47.001] 0.01,-0.09,1.04,-0.70,-1.47,0.49
[11:25:47.102] 0.01,-0.09,1.04,-0.42,-1.54,0.28
[11:25:47.201] 0.01,-0.09,1.04,-0.77,-1.33,0.49
[11:25:47.302] 0.01,-0.09,1.04,-0.77,-1.33,0.35
[11:25:47.401] 0.01,-0.09,1.04,-0.77,-1.47,0.28
[11:25:47.552] 0.01,-0.09,1.04,-0.70,-1.40,0.84
[11:25:47.601] 0.01,-0.09,1.04,-0.70,-1.47,0.56
[11:25:47.701] 0.32,0.02,1.97,-32.90,96.46,-8.33
[11:25:47.801] -0.49,-1.86,0.86,-157.08,-113.26,-0.56
[11:25:47.903] -0.58,-3.09,-0.69,131.53,49.21,35.98
[11:25:48.002] -0.86,1.03,2.41,88.20,-179.83,-46.90
[11:25:48.101] 0.83,-0.64,0.96,167.44,59.85,-68.95
[11:25:48.202] -0.64,1.28,1.49,168.84,-112.98,23.45
[11:25:48.301] -0.24,-0.27,0.18,191.52,58.24,-13.16
[11:25:48.403] -0.39,1.89,1.05,-92.61,32.20,66.15
[11:25:48.502] 0.30,-1.25,0.52,-191.87,31.64,13.51
[11:25:48.650] 0.11,1.27,1.06,108.64,10.64,47.39
[11:25:48.753] 0.55,-2.00,2.28,79.17,-32.62,-48.30
[11:25:48.802] 2.70,-0.40,2.42,-21.84,77.42,19.11
[11:25:48.903] 0.78,0.09,0.27,430.64,36.33,-30.24
[11:25:49.002] 1.79,-0.70,3.68,-308.70,-182.35,16.10
[11:25:49.101] 1.00,-0.64,1.77,-269.64,-17.29,308.77
[11:25:49.202] 0.09,0.17,-0.21,-72.59,-3.01,280.49
[11:25:49.303] -0.73,2.53,0.72,-50.96,-52.43,306.88
[11:25:49.452] 1.48,-1.63,0.06,-194.95,-0.63,9.59
[11:25:49.551] 0.11,-1.81,0.30,-73.99,-20.16,73.78
[11:25:49.602] 0.55,-1.68,2.65,178.71,18.06,-0.21
[11:25:49.701] 0.52,1.49,0.87,7.63,-44.31,19.18
[11:25:49.801] 0.05,-0.12,-1.15,-556.08,-180.67,699.58
[11:25:49.901] 0.26,0.39,0.26,179.06,-19.46,347.69
[11:25:50.001] -0.53,2.52,2.61,-213.29,-54.04,293.58
[11:25:50.102] -0.05,1.40,2.65,140.63,-357.21,-38.29
[11:25:50.201] -0.14,-1.74,0.15,126.00,21.70,-390.04
[11:25:50.350] -0.53,-1.02,1.19,100.17,-117.88,-217.98
[11:25:50.402] 0.85,-2.25,1.20,-417.55,-10.36,-162.75
[11:25:50.552] -0.01,-0.65,2.28,-273.91,-13.30,-196.63
[11:25:50.601] -0.17,1.87,1.53,-129.92,-86.03,-174.86
[11:25:50.702] 0.61,-1.53,1.93,-32.97,-128.17,-154.35
[11:25:50.802] -0.04,-0.91,0.38,-77.91,47.11,-305.41
[11:25:50.952] 0.45,-2.12,0.61,-210.63,-1.61,-236.18
[11:25:51.003] 0.73,0.73,2.71,-80.08,-297.71,7.21
[11:25:51.151] 0.86,-0.72,0.52,-89.81,28.21,-10.15
[11:25:51.302] -0.35,-0.04,1.93,622.65,47.25,575.12
[11:25:51.305] -0.72,4.89,1.55,45.29,-127.12,373.10
[11:25:51.400] -0.93,3.88,2.48,-13.16,-103.25,446.67
[11:25:51.501] -0.83,0.72,0.37,-41.02,-78.82,379.40
[11:25:51.603] -2.87,0.66,6.00,144.90,-391.23,163.52
[11:25:51.702] 0.59,-1.95,0.65,388.92,66.01,-85.47
[11:25:51.801] -0.16,0.23,0.07,84.98,223.02,1.68
[11:25:51.902] -0.92,-5.84,-1.29,854.00,-62.44,-51.87
[11:25:52.001] 0.11,-0.94,0.21,316.47,95.41,53.83
[11:25:52.251] 0.17,-1.04,1.02,-72.31,-11.62,36.89
[11:25:52.253] 0.32,1.59,0.95,-5.25,-77.14,-29.61
[11:25:52.352] -0.13,0.10,0.25,31.85,53.76,-14.00
[11:25:52.401] 0.92,-2.18,1.91,735.91,-107.03,198.10
[11:25:52.550] 0.51,-2.02,-1.87,-468.58,-39.06,182.07
[11:25:52.650] -0.66,-0.27,2.86,-28.07,75.74,-8.05
[11:25:52.751] 0.18,-0.62,0.70,-208.74,-130.55,11.34
[11:25:52.802] -0.05,1.33,0.41,-54.25,-21.49,434.98
[11:25:52.902] -0.13,2.35,0.16,-162.33,21.28,409.50
[11:25:53.002] -0.39,1.23,0.50,-97.16,-128.66,-10.15
[11:25:53.202] -0.12,-1.41,0.06,122.43,141.12,13.37
[11:25:53.205] -1.06,-2.08,1.60,-181.09,-114.38,-13.23
[11:25:53.303] 0.99,-0.58,-0.31,47.81,-400.82,-76.65
[11:25:53.401] -0.38,-1.64,0.62,88.69,137.76,9.24
[11:25:53.502] 0.06,0.12,0.06,-57.82,223.37,76.58
[11:25:53.650] 1.22,-0.69,0.98,283.78,70.14,-56.07
[11:25:53.751] 0.26,-0.24,0.07,-219.31,53.27,7.56
[11:25:53.801] 0.06,-2.45,0.53,-206.57,5.18,-17.92
[11:25:53.900] 0.28,3.21,-0.12,43.96,100.52,394.80
[11:25:54.050] 1.46,2.56,0.13,21.35,49.91,388.43
[11:25:54.101] -0.52,1.08,1.69,370.79,-61.39,380.38
[11:25:54.201] -0.14,1.41,-0.04,-33.60,-35.84,373.31
[11:25:54.349] -0.64,0.42,0.38,87.85,155.75,-18.48
[11:25:54.401] -0.70,-1.71,-0.97,-237.09,-243.46,26.04
[11:25:54.552] -0.47,2.77,1.33,-461.79,96.74,76.65
[11:25:54.601] 1.06,-0.01,-1.48,-45.01,-171.92,-17.85
[11:25:54.701] 0.20,2.63,0.85,-329.98,-50.12,-7.21
[11:25:54.802] 0.11,0.04,0.56,-181.02,-93.31,36.12
[11:25:54.901] -0.54,-0.63,0.03,-191.66,-120.40,17.85
[11:25:55.002] 4.04,-11.94,-3.32,-466.06,265.16,401.03
[11:25:55.152] -0.77,-4.14,1.53,133.49,-95.62,-278.32
[11:25:55.201] 0.11,0.49,1.96,115.64,-24.50,-349.79
[11:25:55.302] 0.78,0.02,0.94,29.19,-48.51,-385.21
[11:25:55.402] -1.80,-4.19,-0.29,233.45,-305.62,-264.18
[11:25:55.500] 0.25,-1.07,-0.10,497.56,-84.21,-321.65
[11:25:55.602] -1.53,-2.16,0.64,-73.15,1.68,-29.61
[11:25:55.703] 1.12,2.05,0.65,-524.23,180.25,-19.11
[11:25:55.801] 1.74,0.84,0.81,-31.29,164.36,-367.15
[11:25:55.904] 1.70,-1.93,0.80,-262.99,-30.45,818.44
[11:25:56.002] -0.20,1.83,1.88,-123.55,-15.26,13.58
[11:25:56.101] -0.12,0.74,1.54,42.56,-21.14,-4.41
[11:25:56.200] -0.30,-0.89,2.53,-200.62,-53.83,36.12
[11:25:56.350] -1.99,4.77,2.17,443.03,-115.08,278.95
[11:25:56.402] 0.71,2.62,1.38,-91.00,-100.17,323.54
[11:25:56.501] -0.07,1.47,1.51,371.63,-63.14,286.65
[11:25:56.601] 0.80,1.47,-0.36,-242.20,12.32,25.48
[11:25:56.701] 1.33,0.83,1.77,-264.88,99.68,31.78
[11:25:56.802] 0.24,-2.26,0.80,146.02,20.44,-587.58
[11:25:56.901] 0.71,7.13,2.44,-298.62,13.30,323.12
[11:25:57.003] -0.12,3.14,3.17,-14.70,-130.55,263.69
[11:25:57.102] 0.76,-1.26,0.20,-266.84,12.53,-12.53
[11:25:57.202] 0.83,0.47,0.37,-95.41,49.35,71.96
[11:25:57.302] 1.32,2.50,1.87,26.67,-27.16,327.60
[11:25:57.402] -1.27,0.98,1.34,186.83,129.85,27.93
[11:25:57.501] -0.41,-1.62,-0.99,475.09,226.80,-45.22
[11:25:57.601] 0.02,0.08,0.02,77.63,119.14,4.76
[11:25:57.701] 0.16,-0.73,2.46,-208.46,12.88,55.65
[11:25:57.802] -0.41,3.36,0.97,284.83,-84.91,48.58
[11:25:57.951] -0.12,-2.74,-0.01,249.76,39.76,-4.13
[11:25:58.101] 0.79,-1.08,1.35,-273.84,64.96,77.91
[11:25:58.104] 0.16,1.09,0.52,-346.99,100.03,19.81
[11:25:58.201] 1.29,-1.99,0.22,-85.05,45.36,26.95
[11:25:58.402] -0.96,8.77,3.48,578.34,-116.76,173.25
[11:25:58.405] -0.92,3.18,0.98,-66.29,-96.18,372.33
[11:25:58.501] 0.47,1.16,1.64,279.93,-52.64,231.98
[11:25:58.601] 1.16,-0.43,2.25,-213.71,-105.56,82.53
[11:25:58.701] 1.73,0.74,1.77,100.80,-410.06,-56.49
[11:25:58.802] -0.87,-0.04,-0.21,-69.72,7.49,10.85
[11:25:58.903] 0.01,-0.02,0.16,67.83,192.29,-10.15
[11:25:59.001] -0.04,0.04,0.04,60.83,185.01,-23.38
[11:25:59.101] -1.64,6.77,2.37,-453.39,276.64,-193.48
[11:25:59.201] 0.75,1.91,2.15,-56.56,-71.26,16.80
[11:25:59.302] -0.39,-2.32,0.34,300.51,42.98,-8.47
[11:25:59.451] 0.31,-2.18,2.24,-59.57,-76.02,67.13
[11:25:59.501] -0.07,0.02,0.15,53.55,92.05,10.78
[11:25:59.601] -2.19,-0.08,4.03,268.87,-230.09,-728.49
[11:25:59.702] 0.34,1.18,0.71,-183.96,111.51,3.15
[11:25:59.900] -0.63,4.30,3.60,-458.50,-152.04,646.17
[11:25:59.903] -3.17,-3.38,2.33,-1084.44,30.24,-625.94
[11:26:00.001] 0.46,3.01,0.58,-210.63,13.58,200.76
[11:26:00.102] -0.57,1.15,-1.57,610.96,54.11,312.97
[11:26:00.251] -0.60,-0.57,1.09,-211.33,-9.52,274.33
[11:26:00.349] 0.24,0.96,1.04,-277.13,-101.71,10.50
[11:26:00.402] -1.15,-0.78,3.09,364.56,-614.74,-85.40
[11:26:00.600] 0.41,1.28,0.49,5.11,73.29,-11.55
[11:26:00.603] -0.10,0.23,0.04,46.83,97.65,-21.07
[11:26:00.701] 1.27,-0.45,0.39,-19.39,-36.82,-29.05
[11:26:00.801] -1.10,-2.18,2.48,122.71,-137.13,-33.67
[11:26:00.902] 0.15,-1.28,2.03,-357.63,-11.83,110.95
[11:26:01.002] -0.02,-0.15,0.07,35.07,132.93,-16.73
[11:26:01.101] -1.14,-0.11,6.07,-823.27,-439.39,71.75
[11:26:01.201] -0.45,-0.81,1.60,10.08,-259.28,-3.36
[11:26:01.301] -1.33,2.01,-0.29,-256.48,-174.72,853.02
[11:26:01.401] -0.26,2.58,1.29,185.15,33.32,343.35
[11:26:01.501] 0.31,1.00,1.77,129.99,-88.48,353.85
[11:26:01.601] 0.24,-4.05,-1.59,331.03,68.81,120.05
[11:26:01.701] -0.11,-2.04,0.25,159.39,70.70,0.77
[11:26:01.802] 0.78,-2.84,-0.15,212.66,-5.60,-40.88
[11:26:01.901] 0.81,-0.95,-0.54,156.59,77.77,22.61
[11:26:02.002] 0.16,0.77,1.05,-123.27,-124.67,4.69
[11:26:02.151] 0.14,-2.25,1.78,-384.37,-40.18,70.28
[11:26:02.252] 0.76,-2.77,-0.32,271.81,69.09,-18.20
[11:26:02.302] 0.52,-0.67,0.42,-29.75,83.79,21.56
[11:26:02.400] -0.68,-1.45,0.53,324.87,37.10,-117.18
[11:26:02.501] 1.62,-0.99,2.99,233.87,-270.76,-114.59
[11:26:02.601] -0.45,2.81,1.68,-164.57,-66.92,351.89
[11:26:02.702] 0.38,2.96,1.03,-263.06,-15.47,370.93
[11:26:02.801] 0.30,-0.06,0.64,213.57,-10.78,90.86
[11:26:02.901] -0.27,-4.16,1.36,-241.99,-67.90,324.45
[11:26:03.001] 0.67,-0.41,0.92,26.18,9.45,-37.52
[11:26:03.102] 0.90,-0.37,-0.04,-65.80,12.81,4.34
[11:26:03.202] 0.80,-2.05,1.53,-243.11,-80.08,394.80
[11:26:03.311] -0.35,1.22,0.59,38.22,23.45,342.93
[11:26:03.401] -1.92,-2.38,1.24,-74.06,-293.79,87.85
[11:26:03.502] -0.37,1.19,5.71,-112.42,-288.89,39.06
[11:26:03.601] -2.64,-3.37,0.14,256.20,-263.34,-392.56
[11:26:03.705] 1.59,1.44,0.77,-293.65,91.00,-308.00
[11:26:03.902] -0.21,0.23,-0.24,231.56,-5.18,-307.79
[11:26:03.906] -0.31,-2.17,1.65,15.61,-5.25,-254.45
[11:26:04.002] 1.34,-0.83,1.33,-197.19,120.96,-349.09
[11:26:04.101] 0.19,0.88,1.05,181.23,-184.17,-126.28
[11:26:04.249] -0.70,2.28,0.23,-161.49,-98.56,48.79
[11:26:04.401] 0.28,0.65,2.14,-216.65,-83.58,36.33
[11:26:04.404] -0.88,0.68,1.38,96.74,-0.98,328.23
[11:26:04.501] -0.47,-0.39,1.69,266.70,-45.36,375.62
[11:26:04.602] 0.11,1.26,2.61,60.62,-40.88,417.90
[11:26:04.705] 0.01,1.00,0.86,-226.80,35.84,406.56
[11:26:04.801] 0.68,1.65,1.21,-2.52,41.72,355.32
[11:26:04.901] -2.10,0.45,0.39,-78.68,32.41,16.73
[11:26:05.052] 0.06,-1.29,0.31,100.10,139.65,0.28
[11:26:05.101] 0.04,-0.01,0.11,93.10,147.84,-25.83
[11:26:05.201] -1.66,-1.94,1.53,-79.94,-51.03,47.74
[11:26:05.304] 0.34,-0.75,2.61,-270.83,-117.67,14.21
[11:26:05.401] 0.65,-1.32,0.27,375.13,61.67,-75.81
[11:26:05.500] -0.06,-0.18,0.04,-102.34,59.15,49.98
[11:26:05.601] 1.83,-3.93,3.66,-469.42,-110.39,600.74
[11:26:05.702] 0.86,-1.53,-1.07,-35.91,2.80,37.73
[11:26:05.802] -0.41,-0.50,1.01,321.30,-16.03,-16.31
[11:26:05.950] -0.51,4.39,0.97,-143.92,-37.31,192.01
[11:26:06.004] 0.33,1.22,0.39,87.71,0.70,411.39
[11:26:06.103] 0.50,4.65,0.97,-121.45,-32.48,327.74
[11:26:06.251] -0.14,1.84,0.45,-289.52,-25.97,44.03
[11:26:06.350] -1.60,-2.85,2.22,-244.72,-139.44,4.62
[11:26:06.452] -0.62,-2.16,1.12,455.70,-5.39,-88.55
[11:26:06.551] 0.12,-0.35,0.07,42.84,139.86,-53.27
[11:26:06.601] 0.02,0.11,-0.16,-87.99,203.14,16.31
[11:26:06.701] 0.26,1.11,1.09,584.43,-204.33,-11.41
[11:26:06.803] -1.32,-1.48,2.84,109.55,-138.39,-27.51
[11:26:06.900] -0.37,2.63,1.29,147.70,-62.79,15.40
[11:26:07.001] 0.18,1.71,0.24,-71.12,-25.27,362.11
[11:26:07.101] -1.03,1.03,1.89,-74.20,-157.57,401.73
[11:26:07.203] 0.25,2.80,0.24,-54.11,-68.67,280.28
[11:26:07.303] 0.75,4.89,1.43,-110.11,131.32,271.60
[11:26:07.450] 1.23,2.80,3.59,174.79,-102.76,343.28
[11:26:07.503] -0.08,-0.30,-0.20,-56.00,176.96,31.57
[11:26:07.653] -4.12,10.52,4.84,-899.92,-1533.14,151.55
[11:26:07.704] 1.44,1.34,-0.29,-23.45,-89.11,-52.15
[11:26:07.805] 1.10,0.82,1.15,-296.80,35.00,26.18
[11:26:07.903] 0.07,0.22,0.00,-92.19,39.27,-3.50
[11:26:08.001] 0.45,0.02,1.02,353.29,-35.35,-67.20
[11:26:08.154] -0.45,-4.39,-0.54,-387.10,-6.93,-168.77
[11:26:08.203] -1.05,-2.56,1.05,-205.03,-42.07,-390.67
[11:26:08.353] 0.49,-3.22,-0.83,341.46,35.07,-319.69
[11:26:08.401] -1.33,-2.50,1.88,-15.05,-10.85,-341.81
[11:26:08.504] -0.06,-0.72,0.61,13.44,-24.78,-322.91
[11:26:08.603] 0.53,-0.50,1.01,-141.40,27.79,1.54
[11:26:08.701] -0.12,-1.13,0.40,-161.91,90.93,-19.25
[11:26:08.802] 1.99,-2.41,0.96,124.81,52.57,1.40
[11:26:08.950] -0.45,0.95,1.42,214.97,68.11,-61.39
[11:26:09.002] -0.37,0.88,0.63,323.89,13.23,-44.38
[11:26:09.102] 0.40,2.85,2.01,-226.38,-19.25,2.52
[11:26:09.203] 0.28,-1.92,0.43,-103.04,64.33,0.84
[11:26:09.304] -0.59,3.51,1.30,-174.51,-0.98,228.76
[11:26:09.402] 1.26,2.24,1.83,-47.81,11.06,261.24
[11:26:09.503] -0.46,0.15,1.51,-39.34,27.37,58.03
[11:26:09.602] 0.50,-0.83,0.80,96.67,-79.66,19.81
[11:26:09.702] -1.11,0.52,3.36,-508.34,-107.03,-316.96
[11:26:09.803] -0.77,-2.70,-0.37,-90.09,-109.76,548.66
[11:26:09.905] -1.42,-0.38,1.37,52.78,-23.73,261.31
[11:26:10.003] -0.14,-1.19,0.84,49.21,-2.38,18.83
[11:26:10.103] 0.56,-2.34,1.42,129.36,67.27,-38.29
[11:26:10.202] -1.19,-1.39,0.66,449.12,-4.34,307.37
[11:26:10.303] 0.36,0.10,0.10,122.85,-362.25,-54.67
[11:26:10.402] -0.14,2.65,-0.09,-76.65,76.37,28.70
[11:26:10.505] -0.13,-0.11,-0.05,-172.76,26.39,49.56
[11:26:10.604] 1.56,0.99,-0.97,-132.86,119.91,-19.53
[11:26:10.802] 0.91,-2.59,-0.01,49.07,75.25,-22.96
[11:26:10.904] -0.13,-1.99,0.47,65.17,35.56,23.31
[11:26:10.908] 0.92,3.29,2.33,200.62,59.08,11.20
[11:26:11.003] 0.79,0.18,1.71,157.57,72.52,-9.24
[11:26:11.252] 1.20,1.52,-0.67,-73.78,-8.75,278.67
[11:26:11.255] 0.69,0.90,0.60,-91.70,78.54,328.16
[11:26:11.303] -0.88,3.24,0.96,63.70,-89.74,271.95
[11:26:11.402] 0.67,2.24,0.11,-143.01,17.85,2.10
[11:26:11.503] 0.14,-2.33,0.94,-145.74,48.30,40.25
[11:26:11.601] 0.07,0.33,0.67,-24.29,48.37,18.41
[11:26:11.701] -0.19,-0.13,-0.18,20.93,157.71,36.75
[11:26:11.851] -0.01,0.06,-0.22,57.61,140.77,41.16
[11:26:11.901] 3.68,8.75,3.82,-1598.87,-547.75,769.09
[11:26:12.000] 0.71,0.88,0.77,-245.84,-3.85,-22.19
[11:26:12.103] 0.12,4.79,2.15,124.11,-35.07,-37.59
[11:26:12.202] -0.03,-0.34,-0.03,4.20,93.45,10.78
[11:26:12.303] -0.10,0.26,0.24,-12.11,65.45,5.74
[11:26:12.401] -0.16,0.45,-0.04,-177.80,-48.02,57.47
[11:26:12.502] 0.17,1.57,1.08,496.72,23.03,-18.27
[11:26:12.601] 0.22,3.41,2.11,-67.34,16.45,279.93
[11:26:12.702] 0.16,6.71,2.10,274.54,-19.53,852.04
[11:26:12.801] 1.25,-1.98,0.97,66.85,36.82,18.48
[11:26:12.901] 0.71,0.09,1.14,229.74,-105.35,306.74
[11:26:13.002] 1.70,0.31,1.78,-267.68,85.19,53.20
[11:26:13.101] 0.35,0.81,0.58,-202.09,51.17,36.33
[11:26:13.201] 0.03,-0.32,0.92,-77.00,-133.21,3.29
[11:26:13.302] -0.17,-1.22,-0.08,21.14,76.09,26.32
[11:26:13.402] 2.22,1.76,0.83,-874.44,-257.53,283.50
[11:26:13.502] -0.30,-1.90,1.57,-60.90,-69.16,-23.73
[11:26:13.602] 1.27,0.62,1.39,-50.05,55.65,-3.99
[11:26:13.702] -0.28,-0.25,-0.04,27.58,167.37,-47.81
[11:26:13.851] 4.69,1.56,-3.87,33.74,-1091.58,120.40
[11:26:13.902] 0.87,-2.56,1.36,349.93,69.30,-58.59
[11:26:14.002] -0.89,11.11,-0.06,-159.11,191.31,103.18
[11:26:14.103] -0.22,0.41,-0.13,-305.69,-215.60,465.29
[11:26:14.252] -0.86,0.81,1.89,82.11,-111.79,323.89
[11:26:14.351] 1.04,1.60,0.88,-212.31,-1.19,26.60
[11:26:14.401] 0.78,1.35,0.72,-277.06,0.84,17.22
[11:26:14.502] 0.25,-0.66,-0.06,132.16,60.06,-9.38
[11:26:14.651] 0.08,0.93,0.43,-182.42,-63.84,-22.75
[11:26:14.701] 1.32,-1.76,-0.89,117.32,129.08,-20.86
[11:26:14.801] 0.47,-0.66,1.52,-229.95,6.65,0.91
[11:26:14.902] -0.79,-1.26,1.48,-72.10,9.80,-21.07
[11:26:15.051] 0.32,-1.35,0.78,-235.69,-8.33,57.82
[11:26:15.106] -0.67,1.35,2.09,-184.03,-51.10,18.55
[11:26:15.206] 0.14,-0.42,-0.02,578.27,73.36,44.59
[11:26:15.302] 1.22,-0.66,0.60,-108.15,-108.15,22.26
[11:26:15.403] -0.09,-0.03,0.12,-25.83,-31.64,210.98
[11:26:15.502] 0.16,2.46,0.53,-335.09,61.32,210.00
[11:26:15.601] 0.78,0.69,1.14,51.24,49.14,131.74
[11:26:15.701] 1.07,0.03,1.32,-45.22,30.52,63.21
[11:26:15.852] -0.17,-1.20,0.62,-28.70,8.89,85.75
[11:26:15.901] -0.07,-0.88,1.64,36.82,9.66,82.25
[11:26:16.000] 0.09,0.04,1.40,36.61,35.28,67.55
[11:26:16.102] 0.36,-0.73,1.92,18.27,23.73,11.55
[11:26:16.251] -0.16,0.06,1.38,-29.33,-16.73,-6.16
[11:26:16.302] 0.03,-0.41,0.34,10.01,2.87,-6.44
[11:26:16.451] -0.05,-0.26,0.89,-20.86,-5.39,5.18
[11:26:16.502] -0.51,0.40,2.08,-43.68,-57.12,-3.29
[11:26:16.601] -0.10,-0.93,1.30,-59.43,-21.98,2.52
[11:26:16.701] -0.01,-0.55,0.86,-0.91,5.18,1.54
[11:26:16.802] 0.05,-0.46,0.90,4.76,0.98,1.26
[11:26:16.901] -0.09,-0.40,0.96,-1.89,-2.03,-0.14
[11:26:17.002] 0.02,-0.41,0.96,-0.35,-1.47,0.14
[11:26:17.101] -0.00,-0.41,0.96,-0.70,-1.26,0.28
[11:26:17.200] -0.00,-0.41,0.96,-0.70,-1.33,0.70
[11:26:17.301] -0.01,-0.41,0.95,-0.63,-1.33,0.56
[11:26:17.401] -0.00,-0.41,0.95,-0.77,-1.19,0.56
[11:26:17.501] -0.00,-0.41,0.96,-0.70,-1.19,0.70
[11:26:17.601] -0.00,-0.41,0.96,-0.49,-1.61,0.42
[11:26:17.701] -0.00,-0.41,0.96,-0.56,-1.54,0.21
[11:26:17.801] -0.01,-0.41,0.97,-0.49,-1.40,-0.14
[11:26:17.901] -0.00,-0.42,0.96,-0.77,-1.26,0.21
[11:26:18.001] -0.00,-0.41,0.96,-1.05,-1.12,0.63
[11:26:18.102] -0.00,-0.42,0.97,-0.70,-1.26,0.14
[11:26:18.202] -0.00,-0.41,0.96,-0.42,-1.33,0.21
[11:26:18.303] -0.00,-0.41,0.96,-0.98,-1.68,0.42
[11:26:18.401] -0.00,-0.41,0.96,-0.77,-1.05,0.49
[11:26:18.501] -0.00,-0.41,0.96,-0.70,-1.26,0.63
[11:26:18.601] -0.00,-0.41,0.96,-0.98,-1.54,0.28
[11:26:18.701] -0.01,-0.41,0.96,-1.19,-0.98,0.14
[11:26:18.802] -0.00,-0.41,0.96,-0.70,-1.19,0.21
[11:26:18.901] -0.00,-0.41,0.96,-0.84,-1.82,0.63
[11:26:19.002] 0.00,-0.41,0.95,-0.63,-1.26,0.98
