[11:24:01.352] 0.01,-0.09,1.04,-0.77,-1.19,0.63
[11:24:01.452] 0.01,-0.09,1.04,-0.63,-1.33,0.56
[11:24:01.553] 0.01,-0.09,1.04,-0.77,-1.33,0.42
[11:24:01.752] 0.01,-0.09,1.04,-0.63,-1.54,0.35
[11:24:01.754] 0.01,-0.09,1.04,-0.70,-1.61,0.77
[11:24:01.902] 0.01,-0.09,1.04,-0.70,-1.47,0.42
[11:24:01.953] 0.01,-0.09,1.04,-0.77,-1.26,0.42
[11:24:02.053] 0.01,-0.09,1.04,-0.63,-1.54,0.70
[11:24:02.152] 0.01,-0.09,1.04,-0.63,-1.47,0.91
[11:24:02.252] 0.01,-0.09,1.04,-0.77,-1.47,0.42
[11:24:02.352] 0.01,-0.09,1.04,-0.70,-1.61,0.21
[11:24:02.452] 0.01,-0.09,1.04,-0.77,-1.40,0.42
[11:24:02.552] 0.01,-0.09,1.04,-0.63,-1.33,0.63
[11:24:02.651] 0.01,-0.09,1.04,-0.56,-1.47,0.35
[11:24:02.753] 0.01,-0.09,1.04,-0.63,-1.47,0.56
[11:24:02.852] 0.01,-0.09,1.04,-0.35,-1.33,0.84
[11:24:02.951] 0.01,-0.09,1.04,-0.49,-1.40,0.63
[11:24:03.052] 0.01,-0.09,1.04,-0.77,-1.47,0.49
[11:24:03.153] 0.01,-0.10,1.04,-0.42,-1.68,0.21
[11:24:03.252] 0.01,-0.10,1.04,-0.70,-1.61,0.14
[11:24:03.352] 0.01,-0.09,1.04,-0.49,-1.47,0.49
[11:24:03.452] 0.01,-0.10,1.04,-0.84,-1.47,0.49
[11:24:03.552] 0.01,-0.10,1.04,-0.84,-1.40,0.49
[11:24:03.653] 0.01,-0.10,1.04,-0.63,-1.54,0.28
[11:24:03.800] 0.01,-0.10,1.04,-0.70,-1.33,0.42
[11:24:03.853] 0.01,-0.10,1.04,-0.49,-1.47,0.49
[11:24:03.951] 0.01,-0.09,1.04,-0.63,-1.47,0.28
[11:24:04.053] 0.01,-0.09,1.04,-0.77,-1.40,0.21
[11:24:04.156] 0.01,-0.09,1.04,-0.63,-1.40,0.70
[11:24:04.254] 0.01,-0.10,1.04,-0.49,-1.54,0.56
[11:24:04.403] 0.01,-0.09,1.04,-0.91,-1.40,0.63
[11:24:04.452] 0.01,-0.09,1.04,-0.70,-1.61,0.21
[11:24:04.602] 0.01,-0.09,1.04,-0.91,-1.47,0.42
[11:24:04.703] 0.01,-0.09,1.04,-0.56,-1.40,0.70
[11:24:04.751] 0.01,-0.10,1.04,-0.91,-1.61,0.56
[11:24:04.903] 0.01,-0.09,1.04,-0.84,-1.33,0.56
[11:24:05.001] 0.01,-0.10,1.04,-0.56,-1.61,0.49
[11:24:05.053] 0.00,-0.09,1.04,-0.49,-1.61,0.21
[11:24:05.152] 0.01,-0.09,1.04,-0.91,-1.40,0.63
[11:24:05.254] 0.01,-0.09,1.04,-0.63,-1.68,0.42
[11:24:05.353] 0.01,-0.10,1.04,-0.77,-1.33,0.77
[11:24:05.452] 0.24,0.09,1.18,-3.92,-17.99,15.61
[11:24:05.552] 0.52,-0.78,0.49,26.95,9.17,6.65
[11:24:05.751] -0.30,-0.66,0.08,9.31,-32.62,31.85
[11:24:05.755] 0.52,-3.24,0.48,-107.73,140.42,-9.80
[11:24:05.903] -1.10,2.17,-0.45,-257.81,-55.51,15.05
[11:24:06.002] -0.57,1.64,0.60,-123.13,-77.98,-18.83
[11:24:06.052] 0.22,2.18,1.14,-46.90,20.58,-2.66
[11:24:06.152] 0.91,1.00,0.88,133.77,75.95,-41.44
[11:24:06.251] -0.68,2.13,1.61,132.72,-49.07,51.66
[11:24:06.352] 0.31,1.80,1.22,-140.98,9.38,15.33
[11:24:06.452] 0.69,-0.01,1.70,-107.38,-10.64,6.72
[11:24:06.551] -0.06,-1.00,0.86,231.91,-80.71,-43.68
[11:24:06.651] 0.61,0.53,0.50,147.14,114.24,-1.40
[11:24:06.753] -0.11,-0.26,-0.07,-5.67,13.72,32.62
[11:24:06.954] 0.89,0.05,-0.76,5.60,-165.55,5.81
[11:24:07.051] -0.34,-2.85,0.14,-135.94,18.27,296.87
[11:24:07.055] 0.99,2.38,1.00,-17.29,26.32,271.25
[11:24:07.153] -0.36,-1.06,2.58,54.46,-40.95,232.82
[11:24:07.251] 1.16,2.16,2.07,212.73,26.11,174.51
[11:24:07.403] -0.47,-0.59,1.78,-46.97,-134.89,-101.15
[11:24:07.453] -0.37,-0.05,0.41,81.48,-24.29,15.12
[11:24:07.553] 0.15,0.82,0.59,-171.22,-7.84,51.80
[11:24:07.655] -0.77,0.04,-0.14,-7.77,-87.92,-30.66
[11:24:07.751] -0.09,0.29,1.78,50.54,12.32,10.64
[11:24:07.851] -0.32,-0.23,1.18,85.68,-27.58,462.84
[11:24:07.956] 0.23,-0.58,1.43,134.26,72.03,316.26
[11:24:08.053] -1.40,-0.62,2.22,-35.00,-106.47,262.43
[11:24:08.152] -1.10,3.15,2.99,-136.15,-364.42,16.24
[11:24:08.255] 0.65,-3.08,0.37,112.49,57.96,-328.30
[11:24:08.356] 0.25,-1.33,0.73,244.16,114.59,-233.73
[11:24:08.453] -1.09,-2.58,2.50,-118.79,-217.00,-234.22
[11:24:08.552] -0.62,1.06,2.57,-124.95,-104.58,-161.84
[11:24:08.653] -0.21,0.57,1.03,-93.45,-105.56,-141.05
[11:24:08.752] 1.35,-3.34,0.19,56.07,142.45,-204.68
[11:24:08.853] 0.44,0.40,0.68,-164.01,30.52,-183.12
[11:24:08.954] -1.29,-0.86,1.08,-16.87,-103.11,-230.72
[11:24:09.053] 0.74,-2.84,1.52,646.31,152.95,-303.52
[11:24:09.154] -0.05,-0.75,2.84,52.08,-300.30,-16.80
[11:24:09.256] -0.00,-0.65,2.00,-274.26,-27.93,28.00
[11:24:09.354] 0.77,-3.17,-1.33,-493.92,-123.90,931.70
[11:24:09.454] 0.13,2.54,0.78,-61.53,35.21,367.85
[11:24:09.554] -0.07,3.61,3.10,158.90,17.36,337.68
[11:24:09.652] -0.00,1.43,-0.28,-28.21,-34.72,406.35
[11:24:09.752] 0.29,0.37,0.25,129.08,11.69,369.81
[11:24:09.852] 0.65,-1.01,3.27,133.70,38.71,18.55
[11:24:09.953] 1.60,-1.69,0.26,284.90,132.72,-38.71
[11:24:10.104] 0.19,0.18,0.30,-27.16,173.39,28.84
[11:24:10.158] 0.44,-0.18,1.70,77.91,-25.41,-3.78
[11:24:10.253] -0.14,1.98,1.48,-182.91,-93.31,76.37
[11:24:10.352] -0.20,0.39,0.98,-312.20,-160.65,70.28
[11:24:10.452] 0.31,0.82,1.12,-192.29,38.08,34.72
[11:24:10.553] 0.04,-0.07,0.11,-67.48,180.81,43.26
[11:24:10.653] -5.18,-0.47,10.11,124.25,-279.58,-328.51
[11:24:10.753] 0.26,-0.28,1.93,60.06,-214.90,35.56
[11:24:10.852] 1.01,-2.17,0.38,313.18,35.21,-10.36
[11:24:10.953] 0.33,-1.58,0.58,-262.92,-7.70,-22.19
[11:24:11.055] 0.74,1.05,0.84,74.13,9.80,423.57
[11:24:11.153] 0.10,1.54,1.96,63.98,-55.72,455.14
[11:24:11.252] -0.51,1.11,0.96,-389.83,-0.14,-5.67
[11:24:11.402] -0.09,2.06,1.82,275.66,-31.08,-18.06
[11:24:11.453] -0.55,-0.85,1.69,169.54,17.22,0.35
[11:24:11.552] 0.29,-0.08,2.59,-164.64,-15.54,14.14
[11:24:11.702] 0.71,-0.02,2.23,4.06,-33.25,12.18
[11:24:11.752] 0.10,-0.01,0.07,2.73,74.69,6.65
[11:24:11.853] -4.07,3.28,4.09,-936.53,-180.04,45.29
[11:24:11.954] -0.17,-0.46,0.23,66.29,79.59,0.84
[11:24:12.055] 0.56,0.31,0.95,-174.86,2.94,63.00
[11:24:12.152] 0.17,1.07,1.40,-77.63,-22.82,415.38
[11:24:12.252] 0.24,3.21,1.39,142.03,-14.70,395.50
[11:24:12.352] -1.18,1.27,1.09,-205.45,-52.50,400.40
[11:24:12.453] -0.33,4.11,1.86,-120.26,-65.17,333.20
[11:24:12.603] 0.76,1.79,1.22,-4.48,82.81,357.07
[11:24:12.703] 0.35,0.03,0.71,-146.37,215.04,-1.33
[11:24:12.754] -2.19,2.91,0.92,-150.78,-443.73,-32.83
[11:24:12.902] 0.95,-1.59,-0.94,-66.01,93.80,58.59
[11:24:12.953] 0.09,1.54,1.53,-155.19,26.74,34.02
[11:24:13.052] 0.15,1.58,2.38,39.69,-47.53,-27.44
[11:24:13.154] -0.31,4.58,1.55,-593.67,5.39,73.78
[11:24:13.302] 0.12,1.95,1.90,147.42,-43.61,28.21
[11:24:13.353] -0.38,2.81,1.91,-78.82,51.10,-251.44
[11:24:13.554] -0.53,-0.45,0.40,-200.97,-100.45,-273.35
[11:24:13.557] -0.51,-1.51,-0.12,-146.37,-12.81,-183.26
[11:24:13.652] -1.10,2.41,-0.35,-99.96,-26.25,-265.44
[11:24:13.752] 0.28,-2.65,1.45,322.21,97.30,-334.32
[11:24:13.852] 0.52,-2.07,0.52,-69.30,118.79,-248.01
[11:24:13.951] 0.10,0.05,1.42,-207.27,72.59,-224.49
[11:24:14.102] -0.30,-0.57,0.42,94.29,126.70,-35.98
[11:24:14.151] 0.73,-0.42,0.07,-131.18,8.61,16.31
[11:24:14.303] 0.28,-3.93,-1.23,68.11,79.17,-295.89
[11:24:14.352] -0.25,4.20,1.96,143.64,59.36,-156.38
[11:24:14.502] 0.22,-1.25,-0.67,269.43,98.28,-14.56
[11:24:14.603] 0.54,-0.13,1.26,-148.26,7.21,26.74
[11:24:14.654] 1.13,-1.71,-0.38,52.15,104.30,-11.13
[11:24:14.752] -0.27,8.44,1.79,-768.18,-59.78,253.75
[11:24:14.852] -0.42,1.00,1.08,-65.80,-1.12,347.76
[11:24:14.952] -0.28,0.53,1.38,-198.31,-12.81,366.45
[11:24:15.052] 0.69,-0.16,3.19,207.90,27.02,-35.21
[11:24:15.205] -0.09,0.89,2.17,149.87,12.32,233.45
[11:24:15.253] -2.29,-4.57,0.92,393.75,-127.12,-604.94
[11:24:15.353] 0.18,2.71,0.79,-304.29,31.01,243.74
[11:24:15.455] 0.59,0.47,1.05,304.22,12.88,311.99
[11:24:15.551] 0.51,-0.37,0.35,-209.51,-16.87,22.82
[11:24:15.652] 0.32,-3.62,-0.82,490.84,149.31,-50.26
[11:24:15.752] -0.34,0.41,0.58,-6.93,-46.97,356.37
[11:24:15.851] 2.28,-2.18,2.34,167.51,325.78,30.03
[11:24:16.000] 0.10,2.60,1.35,-199.78,-20.58,53.97
[11:24:16.052] -1.72,-1.61,1.57,-292.46,-287.35,-22.12
[11:24:16.201] 0.14,-0.84,0.25,57.47,113.19,46.90
[11:24:16.252] 0.20,0.42,-0.80,183.96,17.85,-60.48
[11:24:16.451] 0.59,-0.08,0.37,-247.87,46.76,25.48
[11:24:16.454] -2.16,1.60,-0.16,197.68,-138.60,-23.80
[11:24:16.551] -1.15,-1.53,2.41,-33.04,-170.17,-15.33
[11:24:16.651] 1.15,-1.07,0.01,-117.11,59.92,2.80
[11:24:16.801] 0.17,-0.26,0.48,4.13,80.85,16.87
[11:24:16.852] 0.32,-0.41,0.79,220.15,-1.75,449.47
[11:24:16.952] 0.30,-1.11,1.00,29.54,-26.25,181.37
[11:24:17.052] 1.43,-0.89,1.14,69.72,101.43,28.07
[11:24:17.202] -1.75,2.42,3.30,-115.85,-164.22,20.51
[11:24:17.253] -1.52,-0.11,3.14,376.60,116.90,-77.84
[11:24:17.353] -0.31,-0.19,0.25,-174.86,194.25,7.63
[11:24:17.452] -0.21,-0.02,0.01,-98.35,173.95,40.95
[11:24:17.552] -0.10,-1.36,1.57,-115.43,169.26,81.06
[11:24:17.702] -0.54,-1.70,1.90,-53.83,18.13,-12.46
[11:24:17.802] -0.72,-3.73,0.00,170.52,52.08,-25.34
[11:24:17.902] 0.14,-0.16,0.55,-36.19,-29.26,3.50
[11:24:18.051] -0.41,-1.15,0.78,-117.32,17.15,30.59
[11:24:18.101] -0.02,-0.08,-0.02,-108.29,164.22,45.15
[11:24:18.152] 4.23,3.81,0.27,421.68,525.42,-116.48
[11:24:18.252] -0.09,-1.49,0.75,150.22,28.42,7.84
[11:24:18.352] 1.10,-2.96,-1.52,280.77,46.48,345.31
[11:24:18.451] 0.69,-5.47,1.13,-110.81,241.01,-799.05
[11:24:18.602] 0.53,1.45,0.68,-167.44,-82.39,212.45
[11:24:18.653] 0.51,6.00,0.17,441.35,34.86,550.97
[11:24:18.802] 0.78,1.79,2.34,166.46,70.49,351.12
[11:24:18.853] -1.09,-3.32,1.50,42.70,-49.42,-52.99
[11:24:18.952] -0.10,1.55,1.36,-5.74,-12.32,44.59
[11:24:19.051] 2.53,-1.04,2.56,227.57,136.15,-25.83
[11:24:19.152] -0.08,-0.14,0.01,96.46,153.72,2.31
[11:24:19.251] 2.38,0.94,2.56,11.13,149.38,95.41
[11:24:19.401] -0.18,-0.69,1.18,15.05,80.64,14.98
[11:24:19.452] 1.21,2.73,1.02,-345.17,-33.39,28.98
[11:24:19.551] 0.45,-3.17,0.51,-277.48,-18.27,53.97
[11:24:19.651] -0.20,-0.18,-0.09,-20.30,214.48,23.38
[11:24:19.853] -0.30,1.87,-0.41,-1147.93,-634.41,275.38
[11:24:19.856] 0.17,-2.17,2.20,-523.67,-57.05,65.38
[11:24:19.951] 2.77,0.87,0.43,932.96,304.22,3.57
[11:24:20.051] 0.78,1.56,0.70,-93.59,-8.54,322.14
[11:24:20.153] 0.51,3.92,0.43,-119.77,-23.24,311.50
[11:24:20.252] -0.26,0.03,1.80,-270.13,-16.03,55.86
[11:24:20.352] 0.71,-0.52,0.55,-215.88,-35.63,23.03
[11:24:20.452] 0.63,-0.77,1.30,56.21,67.69,-0.91
[11:24:20.552] 0.39,-1.37,-0.08,207.62,176.61,-4.69
[11:24:20.651] 0.63,-2.56,-1.08,294.21,147.84,-49.63
[11:24:20.752] -0.25,-0.57,3.40,213.22,-59.15,-48.37
[11:24:20.852] -1.18,-2.82,2.73,-213.57,-136.36,5.95
[11:24:20.952] 0.03,1.00,1.34,-301.21,-147.21,12.81
[11:24:21.052] 0.26,0.32,0.04,-102.27,1.47,34.86
[11:24:21.152] -0.01,-1.02,0.71,260.47,34.72,-18.55
[11:24:21.252] 1.09,-0.67,1.13,-373.66,-32.90,40.95
[11:24:21.353] -0.08,3.15,0.44,-142.45,15.19,300.30
[11:24:21.453] 1.21,-0.20,0.43,205.03,78.89,301.42
[11:24:21.553] -0.26,2.19,2.23,273.07,119.49,-21.63
[11:24:21.701] 0.31,-0.62,1.97,-152.60,42.14,7.00
[11:24:21.901] -1.02,-0.77,1.67,491.96,-30.31,-82.11
[11:24:21.904] -0.51,-1.82,0.19,14.91,-22.75,8.05
[11:24:22.002] 0.48,-0.87,0.64,-291.90,-123.76,635.32
[11:24:22.101] 1.13,-1.66,-0.75,246.40,109.34,283.22
[11:24:22.301] -0.05,2.28,0.68,-4.69,-45.85,303.80
[11:24:22.303] -0.90,-2.90,2.45,200.20,-281.33,-24.50
[11:24:22.351] -2.76,-0.45,1.08,630.00,-170.17,-796.60
[11:24:22.451] 0.34,-4.14,-0.28,-87.99,115.78,-389.55
[11:24:22.552] 1.11,-2.30,0.15,-51.80,44.73,-253.12
[11:24:22.651] -0.08,-2.27,0.02,-173.32,101.71,-199.15
[11:24:22.751] -0.09,-1.79,1.79,-9.80,69.23,-266.84
[11:24:22.853] 0.48,-5.33,-1.32,-165.34,136.64,-227.43
[11:24:23.001] -2.30,-5.11,2.68,-9.94,-299.25,-161.91
[11:24:23.251] -1.61,0.75,4.85,-259.56,-133.42,9.45
[11:24:23.352] -0.29,2.54,1.15,-125.30,-22.12,345.10
[11:24:23.552] -0.42,-2.24,0.29,-190.40,-64.68,239.33
[11:24:23.555] 0.22,1.52,2.62,114.10,-19.53,275.73
[11:24:23.651] -0.41,2.13,1.15,-187.39,-4.62,323.05
[11:24:23.801] -0.55,0.01,5.95,454.72,-43.40,132.58
[11:24:23.852] 0.53,-3.51,1.07,344.40,79.10,-4.69
[11:24:23.952] 0.24,0.11,0.22,-73.15,139.79,19.32
[11:24:24.052] 1.05,-3.53,0.53,-75.25,-81.34,254.94
[11:24:24.202] -0.41,1.50,1.01,-269.92,58.17,18.41
[11:24:24.251] 0.31,1.28,1.26,355.95,24.57,-6.09
[11:24:24.402] 1.87,0.79,1.88,-217.35,80.01,2.45
[11:24:24.453] 0.06,0.54,0.01,-50.54,152.39,10.92
[11:24:24.552] -2.92,3.71,2.35,-829.29,-986.93,186.41
[11:24:24.652] 1.76,0.09,2.57,-258.23,117.53,23.31
[11:24:24.752] 1.00,1.59,0.57,-169.61,-6.51,15.12
[11:24:24.853] 0.51,1.23,1.35,-304.57,17.71,21.21
[11:24:24.952] -0.28,0.45,0.93,-119.14,-145.39,505.75
[11:24:25.051] 0.16,2.20,0.55,22.05,-38.78,304.92
[11:24:25.151] 0.57,3.52,0.76,18.97,46.13,278.74
[11:24:25.252] -0.39,-2.01,1.09,236.60,38.57,-5.18
[11:24:25.401] -0.67,-3.84,1.66,-192.01,-73.99,-12.18
[11:24:25.502] 1.42,-1.52,0.56,16.66,74.69,-4.76
[11:24:25.554] -0.05,-0.51,0.34,-47.81,150.22,27.37
[11:24:25.652] 0.40,2.07,0.86,-83.86,245.00,-5.74
[11:24:25.752] -0.13,0.15,-0.04,-67.76,179.41,47.67
[11:24:25.852] 0.85,1.31,0.01,406.84,22.26,-77.84
[11:24:25.952] 0.52,-0.11,1.58,-208.46,-3.15,59.22
[11:24:26.052] 0.46,-0.23,0.69,0.35,38.36,84.14
[11:24:26.202] 0.10,2.56,1.21,-278.67,49.84,322.63
[11:24:26.304] 0.04,1.34,1.16,-55.16,-71.68,268.03
[11:24:26.351] -0.01,2.46,0.48,-70.00,72.45,302.26
[11:24:26.452] 1.03,3.07,0.55,-95.62,80.15,303.38
[11:24:26.553] 0.74,-0.06,0.54,79.59,77.84,272.72
[11:24:26.653] 0.47,2.13,0.79,-145.46,2.59,137.48
[11:24:26.751] 0.09,-0.04,0.11,-107.87,107.31,4.69
[11:24:26.852] 0.87,2.89,2.89,306.81,-319.90,19.32
[11:24:26.953] 1.34,0.81,1.16,-51.24,16.59,7.77
[11:24:27.053] -0.64,0.76,3.32,-60.48,-45.92,-13.44
[11:24:27.152] -1.72,3.65,1.51,168.21,-71.82,-12.18
[11:24:27.251] 1.29,-0.25,2.70,296.94,49.56,-16.52
[11:24:27.353] 1.11,-6.96,-2.01,-381.50,177.03,-420.35
[11:24:27.452] 0.33,-2.21,0.79,-301.21,84.77,-300.30
[11:24:27.651] -0.20,-1.99,0.25,287.49,103.60,-379.12
[11:24:27.654] -0.03,-4.64,0.99,230.79,47.53,-277.69
[11:24:27.752] -0.66,-3.30,-0.94,285.32,-36.61,-327.67
[11:24:27.903] -0.20,-3.56,2.13,-84.21,-39.97,-262.57
[11:24:27.952] 0.04,1.90,1.01,113.61,95.27,4.97
[11:24:28.052] 0.25,-2.08,1.49,581.84,86.73,-73.29
[11:24:28.152] 0.22,-3.75,-0.99,273.42,45.43,38.78
[11:24:28.252] -1.21,-1.45,2.44,59.92,-15.61,-70.28
[11:24:28.353] -1.27,-0.51,-0.36,-59.01,-98.56,8.96
[11:24:28.451] -0.53,2.87,1.43,-205.38,11.06,-2.31
[11:24:28.552] -0.41,3.30,2.44,99.19,-43.89,42.49
[11:24:28.652] -0.03,3.03,1.75,-169.19,-80.36,290.92
[11:24:28.752] -0.75,5.41,1.38,-359.17,-26.18,176.89
[11:24:28.851] 1.15,-1.54,0.66,171.71,6.16,260.68
[11:24:28.952] 0.31,0.89,0.93,-225.96,-26.88,2.24
[11:24:29.051] 0.33,-0.78,0.72,345.24,30.59,-49.63
[11:24:29.152] 0.11,1.33,-0.51,154.21,71.05,-869.89
[11:24:29.253] -0.81,3.51,1.42,4.69,-66.01,501.97
[11:24:29.400] -0.32,-0.35,0.84,74.97,-8.05,227.22
[11:24:29.502] -0.65,2.58,1.13,-242.34,-32.55,3.08
[11:24:29.601] 0.11,-1.02,0.14,319.76,1.68,-51.52
[11:24:29.653] 0.13,1.91,0.49,-259.84,23.59,361.20
[11:24:29.751] -0.27,2.35,1.49,-140.70,-76.58,251.93
[11:24:29.902] -0.36,-0.72,0.13,116.90,-13.30,-4.97
[11:24:29.952] -0.30,0.12,0.14,110.67,159.60,-13.30
[11:24:30.052] 2.38,-6.43,2.38,646.80,230.37,110.95
[11:24:30.153] -0.13,-1.18,1.75,219.17,-30.45,37.45
[11:24:30.252] 0.93,1.96,0.94,-2.10,-57.96,7.14
[11:24:30.402] 0.05,2.28,0.41,-167.93,-49.63,0.07
[11:24:30.602] 0.04,-1.34,2.04,305.27,172.20,-30.24
[11:24:30.605] 0.39,-1.79,0.29,374.78,75.60,-12.11
[11:24:30.652] -0.09,-3.90,0.70,102.62,-61.11,-54.39
[11:24:30.754] -0.20,0.24,2.32,65.66,-80.36,317.10
[11:24:30.851] -0.16,-4.17,0.46,-246.75,-99.40,229.04
[11:24:30.953] 0.60,0.73,1.34,45.08,-21.14,263.62
[11:24:31.100] -0.42,-0.23,1.19,-214.83,10.64,21.28
[11:24:31.153] -1.26,1.67,1.61,184.38,-50.47,-15.96
[11:24:31.252] -0.45,-1.76,-0.33,185.36,-46.48,-26.81
[11:24:31.353] -0.72,0.57,0.28,41.79,61.74,-7.14
[11:24:31.452] 0.02,-0.07,-0.04,94.64,54.46,-14.00
[11:24:31.552] 1.27,-3.21,-0.31,-108.43,603.54,161.77
[11:24:31.652] -0.81,-1.76,1.05,66.08,-1.12,-58.52
[11:24:31.752] 0.07,-0.04,0.52,58.03,101.36,22.47
[11:24:31.852] 0.04,0.28,0.49,-62.86,4.76,5.67
[11:24:31.952] 0.63,0.36,-0.14,134.89,136.99,-4.48
[11:24:32.102] -0.15,0.15,0.05,45.71,110.46,-5.04
[11:24:32.151] -0.46,0.61,-0.27,-113.05,141.68,95.97
[11:24:32.251] 0.08,1.88,1.43,232.61,7.91,-36.12
[11:24:32.402] 1.60,-1.79,-0.90,367.08,79.24,281.26
[11:24:32.652] -0.29,-9.00,2.34,96.18,224.14,-855.40
[11:24:32.803] -0.06,2.67,0.56,-61.32,42.63,81.20
[11:24:32.901] 0.75,-0.82,1.68,-172.27,68.18,29.12
[11:24:33.102] -2.00,4.68,2.53,-265.65,-629.30,-55.16
[11:24:33.108] 0.22,-3.46,2.27,-106.54,-17.22,19.95
[11:24:33.202] 0.05,0.13,0.16,-9.45,128.80,24.36
[11:24:33.301] 0.57,-1.45,5.84,308.77,-61.74,-74.34
[11:24:33.452] -1.12,1.13,3.46,-318.43,-111.65,63.98
[11:24:33.551] 1.05,-3.32,0.88,42.70,28.42,-6.09
[11:24:33.602] 0.98,-0.90,0.87,135.45,187.32,12.46
[11:24:33.703] -0.04,0.02,0.06,-71.82,136.78,40.11
[11:24:33.802] 0.92,2.91,1.07,478.24,169.61,85.47
[11:24:33.902] 0.97,-2.06,1.48,37.17,75.95,-2.45
[11:24:34.002] 0.32,-0.47,0.55,-20.30,80.22,280.42
[11:24:34.151] 0.09,2.36,0.73,-136.99,12.39,263.27
[11:24:34.317] 0.21,4.27,1.17,-310.94,-100.03,322.35
[11:24:34.323] -0.81,-3.81,2.13,-213.36,56.14,49.07
[11:24:34.401] 0.74,0.12,0.37,-190.61,94.78,58.52
[11:24:34.502] 0.15,1.47,1.30,-48.16,-3.92,-4.41
[11:24:34.602] 0.24,0.60,1.28,-293.79,-33.18,37.31
[11:24:34.702] -0.78,-3.18,-0.79,495.81,0.00,30.87
[11:24:34.805] -0.36,3.50,1.75,-19.95,-46.62,3.15
[11:24:34.903] 0.49,4.16,1.73,168.77,-56.63,-50.82
[11:24:35.003] 0.28,1.93,0.40,63.70,37.10,1.26
[11:24:35.102] 0.03,-1.86,0.77,109.13,109.62,26.46
[11:24:35.203] 0.18,0.08,0.38,-133.63,-24.15,20.79
[11:24:35.302] -2.23,0.46,2.97,151.97,-151.76,-49.77
[11:24:35.402] 0.70,0.44,0.29,-80.29,-21.56,4.55
[11:24:35.502] 0.27,0.89,0.54,-69.65,80.01,31.36
[11:24:35.603] 1.19,-1.59,0.30,141.96,-61.32,-11.41
[11:24:35.702] -0.32,0.61,0.55,33.53,-124.88,90.51
[11:24:35.801] 0.90,-0.84,0.33,-69.86,42.84,78.47
[11:24:35.901] 0.75,1.86,2.42,-110.53,-20.37,31.43
[11:24:36.002] -0.02,-0.61,0.89,8.68,-5.88,12.60
[11:24:36.104] 0.13,-0.39,0.76,7.98,-12.04,0.28
[11:24:36.202] 0.17,-0.29,1.23,9.45,1.89,-1.61
[11:24:36.311] 0.03,0.75,0.94,74.83,-59.22,-97.86
[11:24:36.401] 0.88,-0.08,1.06,9.94,11.34,-73.15
[11:24:36.551] -0.45,-1.06,0.98,-75.18,25.13,-49.63
[11:24:36.651] -0.66,-0.80,-0.45,115.22,56.63,-28.91
[11:24:36.701] 0.58,-0.37,1.36,64.61,34.72,-10.08
[11:24:36.805] -0.82,2.33,1.94,-202.02,-72.52,11.83
[11:24:36.952] 0.39,2.39,2.45,164.64,28.98,12.32
[11:24:37.001] -0.45,2.92,0.51,-267.89,10.92,-9.17
[11:24:37.101] -0.61,0.57,1.67,170.66,38.85,45.99
[11:24:37.253] -0.38,-1.15,1.36,129.92,-57.05,7.14
[11:24:37.301] -0.04,0.38,0.70,-1.05,-82.39,-9.94
[11:24:37.404] 0.44,0.91,1.48,148.19,-34.16,-2.45
[11:24:37.503] -0.10,-0.11,1.05,-4.48,-11.34,6.02
[11:24:37.601] 0.99,-0.49,1.36,87.43,43.40,-6.65
[11:24:37.703] 0.34,0.27,1.55,-6.30,-11.34,-36.47
[11:24:37.801] 0.24,-0.71,1.30,70.70,-6.65,-51.94
[11:24:37.902] 0.84,0.11,2.03,-56.63,46.69,-79.73
[11:24:38.004] 0.31,-0.09,2.34,-50.82,-14.56,-165.55
[11:24:38.104] -0.07,-0.48,0.97,-334.88,263.27,-250.04
[11:24:38.204] 0.01,-0.98,-0.35,-191.87,112.28,122.50
[11:24:38.304] 0.41,-0.54,-0.55,-145.95,-208.11,243.74
[11:24:38.403] 1.47,-0.25,-1.99,-76.09,-127.96,874.51
[11:24:38.504] -0.27,0.08,1.49,-130.55,89.53,-10.43
[11:24:38.603] -0.75,0.06,0.83,-186.90,-0.56,76.30
[11:24:38.703] 0.14,0.21,0.53,-125.37,30.38,115.64
[11:24:38.804] 0.01,-0.27,0.61,-104.16,-102.55,96.18
[11:24:38.905] -0.10,-0.42,0.62,-31.08,-58.24,51.52
[11:24:39.002] -0.48,-0.65,0.86,-81.76,-189.77,7.70
[11:24:39.103] -0.23,-0.63,1.10,-18.83,5.67,48.72
[11:24:39.205] -0.29,-0.73,0.99,-60.55,-39.20,52.22
[11:24:39.308] -0.14,-0.34,0.73,-22.96,-22.89,60.55
[11:24:39.404] -0.22,-0.36,0.93,-11.55,-26.32,8.05
[11:24:39.555] -0.28,-0.41,0.88,16.94,-7.00,0.56
[11:24:39.605] -0.16,-0.63,1.09,-9.73,39.13,-32.48
[11:24:39.705] -0.28,-0.50,0.87,-12.53,10.99,3.22
[11:24:39.804] -0.21,-0.41,0.79,0.91,-2.10,5.74
[11:24:39.903] -0.24,-0.35,0.87,-27.65,15.82,8.54
[11:24:40.002] -0.32,-0.49,0.78,8.26,-2.80,6.44
[11:24:40.102] -0.29,-0.60,0.91,12.25,-53.06,1.05
[11:24:40.205] -0.31,-0.71,0.94,-39.76,1.05,27.02
[11:24:40.305] -0.20,-0.55,0.74,-23.45,-54.39,19.88
[11:24:40.403] -0.21,-0.44,0.89,-7.56,-19.04,8.47
[11:24:40.502] -0.23,-0.54,0.96,15.54,37.17,-7.07
[11:24:40.603] -0.52,-0.46,0.86,-16.10,-53.06,-13.86
[11:24:40.702] -0.20,-0.51,0.88,-3.01,-11.76,-8.54
[11:24:40.804] -0.22,-0.57,0.89,0.77,7.42,10.64
[11:24:40.902] -0.22,-0.52,0.91,-14.21,-2.31,-0.35
[11:24:41.003] -0.19,-0.46,0.79,-1.47,-14.77,2.10
[11:24:41.103] -0.25,-0.51,0.89,1.47,-1.40,7.21
[11:24:41.253] -0.22,-0.52,0.82,-6.72,-23.94,22.05
[11:24:41.305] -0.18,-0.44,0.93,-14.63,-25.13,22.12
[11:24:41.406] -0.23,-0.62,0.92,-7.63,-29.40,5.88
[11:24:41.503] -0.18,-0.54,0.80,-8.61,-10.22,8.68
[11:24:41.603] -0.14,-0.62,0.82,4.62,-8.54,12.04
[11:24:41.702] -0.23,-0.46,0.85,-11.83,-10.29,3.36
[11:24:41.802] -0.19,-0.57,0.79,-10.08,-14.84,-6.86
[11:24:41.901] -0.20,-0.54,0.81,-16.73,4.55,-2.66
[11:24:42.002] -0.13,-0.52,0.85,-31.08,-3.64,-4.83
[11:24:42.103] -0.15,-0.59,0.76,-0.91,8.68,0.77
[11:24:42.202] -0.18,-0.61,0.93,16.87,19.46,11.34
[11:24:42.303] -0.23,-0.53,0.64,-20.09,-13.44,-5.11
[11:24:42.401] -0.19,-0.62,0.87,1.75,45.92,12.74
[11:24:42.501] -0.33,-0.56,0.80,-23.66,0.91,-0.84
